110100000
001000000
011111001
110100000
011110000
010010110
110000001
001011000
011111001
110111111
001000000
110000001
001000001
011100001
011000111
100000100
110000001
001000000
101110011
110111101
011111000
010111110
110100000
001000000
011100001
011110000
001011100
011111001
110000000
011110000
110101001
011101000
010100100
010000110
110000001
001011000
011111001
110000001
001010000
011110001
110101001
011000101
100000100
110000001
001000000
101110011
110111111
010110000
011101000
110000001
001001000
011111001
010100110
000100100
010000111
110000001
001011000
011111001
110111110
010101000
000001100
011101001
000101010
011101001
110000001
001110000
000100011
110111111
010000001
010110000
110111111
001000000
110000001
001000001
011100001
011000111
100000100
110000001
001000000
101100101
